# BLASTN 2.12.0+
# Query: OX335166.1 Apilactobacillus kunkeei strain H3B2-03M genome assembly, chromosome: 1
# Database: User specified sequence set (Input: fna/new_isolate.fna)
# Fields: query acc.ver, subject acc.ver, % identity, alignment length, mismatches, gap opens, q. start, q. end, s. start, s. end, evalue, bit score
# 622 hits found
OX335166.1	OX335140.1	99.997	1321651	21	14	1	1321649	1	1321631	0.0	2.440e+06
OX335166.1	OX335140.1	99.976	200531	46	2	1352179	1552708	1320200	1520729	0.0	3.700e+05
OX335166.1	OX335140.1	99.755	5308	11	2	1051463	1056769	443163	437857	0.0	9729
OX335166.1	OX335140.1	99.567	5310	13	2	437862	443170	1056752	1051452	0.0	9670
OX335166.1	OX335140.1	99.649	5129	17	1	379604	384732	683483	688610	0.0	9371
OX335166.1	OX335140.1	99.610	5129	19	1	683489	688616	379599	384727	0.0	9359
OX335166.1	OX335140.1	99.358	5138	28	5	80880	86015	379596	384730	0.0	9300
OX335166.1	OX335140.1	99.338	5138	29	5	379601	384735	80880	86015	0.0	9295
OX335166.1	OX335140.1	99.783	5062	9	2	683555	688615	80952	86012	0.0	9286
OX335166.1	OX335140.1	99.763	5062	10	2	80952	86012	683549	688609	0.0	9280
OX335166.1	OX335140.1	99.970	3345	0	1	685356	688699	439869	443213	0.0	6170
OX335166.1	OX335140.1	99.970	3345	0	1	439873	443217	685350	688693	0.0	6170
OX335166.1	OX335140.1	99.697	3296	9	1	1051463	1054758	688644	685350	0.0	6030
OX335166.1	OX335140.1	99.939	3261	2	0	381472	384732	439869	443129	0.0	6011
OX335166.1	OX335140.1	99.908	3261	3	0	439873	443133	381467	384727	0.0	6006
OX335166.1	OX335140.1	99.877	3264	3	1	1051496	1054758	384730	381467	0.0	6004
OX335166.1	OX335140.1	99.847	3264	5	0	1051495	1054758	86016	82753	0.0	6000
OX335166.1	OX335140.1	99.847	3260	5	0	439873	443132	82753	86012	0.0	5993
OX335166.1	OX335140.1	99.847	3260	5	0	82753	86012	439869	443128	0.0	5993
OX335166.1	OX335140.1	99.394	3299	10	2	685356	688653	1054741	1051452	0.0	5973
OX335166.1	OX335140.1	99.938	3240	2	0	381472	384711	1054741	1051502	0.0	5973
OX335166.1	OX335140.1	99.907	3240	3	0	82753	85992	1054741	1051502	0.0	5967
OX335166.1	OX335140.1	98.728	1887	16	8	683489	685369	1056835	1054951	0.0	3345
OX335166.1	OX335140.1	98.675	1887	17	8	1054968	1056852	685363	683483	0.0	3339
OX335166.1	OX335140.1	98.307	1890	25	7	1054968	1056854	381480	379595	0.0	3306
OX335166.1	OX335140.1	98.307	1890	25	7	379600	381485	1056837	1054951	0.0	3306
OX335166.1	OX335140.1	98.349	1878	17	11	683495	685369	437793	439659	0.0	3284
OX335166.1	OX335140.1	98.348	1877	17	13	437799	439663	379606	381480	0.0	3282
OX335166.1	OX335140.1	98.349	1878	16	14	379611	381485	437794	439659	0.0	3282
OX335166.1	OX335140.1	96.495	1997	45	19	1054968	1056952	82766	80783	0.0	3277
OX335166.1	OX335140.1	98.295	1877	19	10	437798	439663	683489	685363	0.0	3277
OX335166.1	OX335140.1	99.556	1800	5	3	80968	82766	1056748	1054951	0.0	3277
OX335166.1	OX335140.1	98.241	1876	19	13	437800	439663	80893	82766	0.0	3269
OX335166.1	OX335140.1	98.242	1877	18	14	80893	82766	437795	439659	0.0	3269
OX335166.1	OX335140.1	99.599	1497	5	1	579094	580590	186821	188316	0.0	2730
OX335166.1	OX335140.1	99.599	1497	5	1	186825	188320	579089	580585	0.0	2730
OX335166.1	OX335140.1	99.797	1477	1	2	533108	534583	76566	75091	0.0	2710
OX335166.1	OX335140.1	99.797	1477	1	2	75091	76566	534579	533104	0.0	2710
OX335166.1	OX335140.1	99.595	1483	5	1	186826	188307	113321	111839	0.0	2704
OX335166.1	OX335140.1	99.463	1489	7	1	111841	113329	188303	186816	0.0	2704
OX335166.1	OX335140.1	99.662	1481	0	1	579097	580577	534580	533105	0.0	2702
OX335166.1	OX335140.1	99.662	1481	0	1	533109	534584	580572	579092	0.0	2702
OX335166.1	OX335140.1	100.000	1462	0	0	579116	580577	113300	111839	0.0	2700
OX335166.1	OX335140.1	99.529	1485	3	3	111841	113323	580572	579090	0.0	2700
OX335166.1	OX335140.1	99.528	1484	3	1	186824	188307	75086	76565	0.0	2699
OX335166.1	OX335140.1	100.000	1461	0	0	579117	580577	75105	76565	0.0	2699
OX335166.1	OX335140.1	100.000	1461	0	0	111841	113301	76565	75105	0.0	2699
OX335166.1	OX335140.1	100.000	1461	0	0	533109	534569	111839	113299	0.0	2699
OX335166.1	OX335140.1	100.000	1461	0	0	75105	76565	113299	111839	0.0	2699
OX335166.1	OX335140.1	99.528	1484	3	1	75086	76565	186820	188303	0.0	2699
OX335166.1	OX335140.1	100.000	1461	0	0	533109	534569	188303	186843	0.0	2699
OX335166.1	OX335140.1	100.000	1461	0	0	111841	113301	533105	534565	0.0	2699
OX335166.1	OX335140.1	100.000	1461	0	0	186847	188307	534565	533105	0.0	2699
OX335166.1	OX335140.1	100.000	1461	0	0	75105	76565	579112	580572	0.0	2699
OX335166.1	OX335140.1	98.997	1495	14	1	1090758	1092251	533085	534579	0.0	2676
OX335166.1	OX335140.1	98.997	1495	14	1	533089	534583	1090741	1092234	0.0	2676
OX335166.1	OX335140.1	99.931	1448	1	0	1498727	1500174	171592	170145	0.0	2669
OX335166.1	OX335140.1	99.862	1451	2	0	170149	171599	1468195	1466745	0.0	2669
OX335166.1	OX335140.1	99.189	1480	12	0	1090776	1092255	76566	75087	0.0	2667
OX335166.1	OX335140.1	99.255	1477	11	0	75090	76566	1092235	1090759	0.0	2667
OX335166.1	OX335140.1	99.658	1460	2	3	1463555	1465013	390086	388629	0.0	2665
OX335166.1	OX335140.1	99.862	1450	1	1	388643	390091	1433025	1431576	0.0	2665
OX335166.1	OX335140.1	99.452	1461	8	0	1090777	1092237	111839	113299	0.0	2654
OX335166.1	OX335140.1	99.724	1451	0	3	388638	390088	170143	171589	0.0	2654
OX335166.1	OX335140.1	99.588	1456	5	1	854317	855772	176948	178402	0.0	2654
OX335166.1	OX335140.1	99.452	1461	8	0	1090777	1092237	188303	186843	0.0	2654
OX335166.1	OX335140.1	99.724	1451	0	3	170147	171593	388633	390083	0.0	2654
OX335166.1	OX335140.1	99.452	1461	8	0	1090777	1092237	580572	579112	0.0	2654
OX335166.1	OX335140.1	99.588	1456	5	1	176952	178406	854310	855765	0.0	2654
OX335166.1	OX335140.1	99.452	1461	8	0	111841	113301	1090760	1092220	0.0	2654
OX335166.1	OX335140.1	99.452	1461	8	0	579117	580577	1092220	1090760	0.0	2654
OX335166.1	OX335140.1	99.452	1461	8	0	186847	188307	1092220	1090760	0.0	2654
OX335166.1	OX335140.1	99.588	1455	5	1	1463558	1465011	171589	170135	0.0	2652
OX335166.1	OX335140.1	99.385	1464	8	1	1192467	1193929	1177723	1176260	0.0	2652
OX335166.1	OX335140.1	99.520	1458	6	1	1176283	1177740	1193906	1192450	0.0	2652
OX335166.1	OX335140.1	99.588	1455	5	1	170139	171593	1433032	1431579	0.0	2652
OX335166.1	OX335140.1	99.792	1445	3	0	1498730	1500174	1431579	1433023	0.0	2652
OX335166.1	OX335140.1	99.792	1445	3	0	1463558	1465002	1466751	1468195	0.0	2652
OX335166.1	OX335140.1	99.792	1445	1	2	560407	561851	345722	347164	0.0	2651
OX335166.1	OX335140.1	99.792	1445	1	2	345726	347168	560403	561847	0.0	2651
OX335166.1	OX335140.1	99.385	1463	6	3	1320188	1321649	347182	345722	0.0	2649
OX335166.1	OX335140.1	99.520	1457	4	3	1498730	1500184	390083	388628	0.0	2649
OX335166.1	OX335140.1	99.587	1454	3	3	388636	390088	1468202	1466751	0.0	2649
OX335166.1	OX335140.1	100.000	1433	0	0	854324	855756	129425	127993	0.0	2647
OX335166.1	OX335140.1	99.250	1467	10	1	703909	705375	176933	178398	0.0	2647
OX335166.1	OX335140.1	99.250	1467	10	1	176937	178402	703903	705369	0.0	2647
OX335166.1	OX335140.1	100.000	1433	0	0	127996	129428	855749	854317	0.0	2647
OX335166.1	OX335140.1	99.655	1449	3	2	1385163	1386610	1373594	1375041	0.0	2647
OX335166.1	OX335140.1	100.000	1432	0	0	664145	665576	127993	129424	0.0	2645
OX335166.1	OX335140.1	99.655	1448	3	2	1405575	1407021	176955	178401	0.0	2645
OX335166.1	OX335140.1	100.000	1432	0	0	1320218	1321649	561834	560403	0.0	2645
OX335166.1	OX335140.1	100.000	1432	0	0	127996	129427	664139	665570	0.0	2645
OX335166.1	OX335140.1	100.000	1432	0	0	854325	855756	665570	664139	0.0	2645
OX335166.1	OX335140.1	99.053	1479	5	8	1405549	1407023	703901	705374	0.0	2645
OX335166.1	OX335140.1	100.000	1432	0	0	664145	665576	855749	854318	0.0	2645
OX335166.1	OX335140.1	99.053	1479	5	8	703907	705380	1373570	1375044	0.0	2645
OX335166.1	OX335140.1	99.655	1448	3	2	176959	178405	1373596	1375042	0.0	2645
OX335166.1	OX335140.1	99.930	1434	1	0	703932	705365	665570	664137	0.0	2643
OX335166.1	OX335140.1	99.792	1441	1	2	854317	855756	703918	705357	0.0	2643
OX335166.1	OX335140.1	99.861	1437	2	0	664143	665579	705359	703923	0.0	2643
OX335166.1	OX335140.1	99.792	1441	1	2	703924	705363	854310	855749	0.0	2643
OX335166.1	OX335140.1	99.930	1433	1	0	703931	705363	129425	127993	0.0	2641
OX335166.1	OX335140.1	99.930	1433	1	0	1207830	1209262	170158	171590	0.0	2641
OX335166.1	OX335140.1	99.930	1433	1	0	127996	129428	705357	703925	0.0	2641
OX335166.1	OX335140.1	99.586	1448	6	0	1207829	1209276	854317	855764	0.0	2641
OX335166.1	OX335140.1	99.586	1448	6	0	854324	855771	1207812	1209259	0.0	2641
OX335166.1	OX335140.1	99.930	1433	1	0	1498729	1500161	1209245	1207813	0.0	2641
OX335166.1	OX335140.1	99.930	1433	1	0	170162	171594	1207813	1209245	0.0	2641
OX335166.1	OX335140.1	99.930	1433	1	0	1207830	1209262	1468182	1466750	0.0	2641
OX335166.1	OX335140.1	99.586	1448	5	1	388643	390089	129439	127992	0.0	2639
OX335166.1	OX335140.1	99.654	1445	3	2	854322	855764	170155	171599	0.0	2639
OX335166.1	OX335140.1	99.586	1448	5	1	127995	129442	390084	388638	0.0	2639
OX335166.1	OX335140.1	99.930	1432	1	0	1207830	1209261	388652	390083	0.0	2639
OX335166.1	OX335140.1	99.382	1457	8	1	1352154	1353610	664115	665570	0.0	2639
OX335166.1	OX335140.1	99.722	1441	4	0	1498728	1500168	855751	854311	0.0	2639
OX335166.1	OX335140.1	99.654	1445	3	2	170159	171603	854315	855757	0.0	2639
OX335166.1	OX335140.1	99.586	1448	4	2	1405575	1407021	854318	855764	0.0	2639
OX335166.1	OX335140.1	99.930	1432	1	0	1463558	1464989	1209244	1207813	0.0	2639
OX335166.1	OX335140.1	99.930	1432	1	0	388657	390088	1207813	1209244	0.0	2639
OX335166.1	OX335140.1	99.930	1432	1	0	1405575	1407006	1253214	1251783	0.0	2639
OX335166.1	OX335140.1	99.930	1432	1	0	1385165	1386596	1253214	1251783	0.0	2639
OX335166.1	OX335140.1	99.586	1448	4	2	854325	855771	1373596	1375042	0.0	2639
OX335166.1	OX335140.1	99.930	1432	1	0	1251800	1253231	1375027	1373596	0.0	2639
OX335166.1	OX335140.1	99.930	1432	1	0	1207830	1209261	1433010	1431579	0.0	2639
OX335166.1	OX335140.1	99.722	1441	4	0	854318	855758	1468189	1466749	0.0	2639
OX335166.1	OX335140.1	99.517	1449	7	0	1251799	1253247	127992	129440	0.0	2638
OX335166.1	OX335140.1	99.517	1449	7	0	1463557	1465005	127992	129440	0.0	2638
OX335166.1	OX335140.1	99.586	1448	2	3	170150	171593	129440	127993	0.0	2638
OX335166.1	OX335140.1	98.983	1475	11	4	127996	129470	171589	170119	0.0	2638
OX335166.1	OX335140.1	99.517	1449	7	0	1207829	1209277	703925	705373	0.0	2638
OX335166.1	OX335140.1	99.518	1451	4	3	1385165	1386614	854318	855766	0.0	2638
OX335166.1	OX335140.1	99.517	1449	7	0	703931	705379	1207812	1209260	0.0	2638
OX335166.1	OX335140.1	99.517	1449	7	0	127995	129443	1251782	1253230	0.0	2638
OX335166.1	OX335140.1	99.517	1449	7	0	127995	129443	1431578	1433026	0.0	2638
OX335166.1	OX335140.1	99.654	1444	2	2	1498730	1500171	127993	129435	0.0	2636
OX335166.1	OX335140.1	99.860	1433	2	0	176958	178390	129425	127993	0.0	2636
OX335166.1	OX335140.1	99.517	1448	7	0	1207829	1209276	176954	178401	0.0	2636
OX335166.1	OX335140.1	99.860	1433	2	0	127996	129428	178386	176954	0.0	2636
OX335166.1	OX335140.1	99.860	1433	2	0	664145	665577	390083	388651	0.0	2636
OX335166.1	OX335140.1	99.860	1433	2	0	388656	390088	665571	664139	0.0	2636
OX335166.1	OX335140.1	99.860	1433	2	0	1463558	1464990	664139	665571	0.0	2636
OX335166.1	OX335140.1	99.722	1439	4	0	1463558	1464996	855749	854311	0.0	2636
OX335166.1	OX335140.1	99.517	1448	7	0	176958	178405	1207812	1209259	0.0	2636
OX335166.1	OX335140.1	99.517	1450	3	4	1405573	1407020	1353184	1354631	0.0	2636
OX335166.1	OX335140.1	99.722	1439	4	0	854318	855756	1433017	1431579	0.0	2636
OX335166.1	OX335140.1	99.860	1433	2	0	664145	665577	1431579	1433011	0.0	2636
OX335166.1	OX335140.1	99.654	1444	2	2	127996	129438	1466751	1468192	0.0	2636
OX335166.1	OX335140.1	99.860	1432	2	0	1352179	1353610	127993	129424	0.0	2634
OX335166.1	OX335140.1	99.860	1432	2	0	664145	665576	171589	170158	0.0	2634
OX335166.1	OX335140.1	99.449	1452	5	3	1385161	1386610	176950	178400	0.0	2634
OX335166.1	OX335140.1	99.860	1432	2	0	664145	665576	178386	176955	0.0	2634
OX335166.1	OX335140.1	99.860	1432	2	0	854325	855756	388652	390083	0.0	2634
OX335166.1	OX335140.1	99.860	1432	2	0	176959	178390	665570	664139	0.0	2634
OX335166.1	OX335140.1	99.860	1432	2	0	170162	171593	665570	664139	0.0	2634
OX335166.1	OX335140.1	99.860	1432	2	0	1498730	1500161	664139	665570	0.0	2634
OX335166.1	OX335140.1	99.860	1432	2	0	1352179	1353610	855749	854318	0.0	2634
OX335166.1	OX335140.1	99.860	1432	2	0	388657	390088	854318	855749	0.0	2634
OX335166.1	OX335140.1	99.860	1432	2	0	664145	665576	1466751	1468182	0.0	2634
OX335166.1	OX335140.1	99.449	1452	3	5	854325	855773	1353186	1354635	0.0	2632
OX335166.1	OX335140.1	99.791	1433	3	0	1207829	1209261	129425	127993	0.0	2630
OX335166.1	OX335140.1	99.791	1433	3	0	1405575	1407007	665570	664138	0.0	2630
OX335166.1	OX335140.1	99.791	1433	3	0	1352178	1353610	705358	703926	0.0	2630
OX335166.1	OX335140.1	99.791	1433	3	0	127996	129428	1209244	1207812	0.0	2630
OX335166.1	OX335140.1	99.791	1433	3	0	664144	665576	1375028	1373596	0.0	2630
OX335166.1	OX335140.1	99.791	1432	3	0	1405575	1407006	129424	127993	0.0	2628
OX335166.1	OX335140.1	99.791	1432	3	0	1385165	1386596	129424	127993	0.0	2628
OX335166.1	OX335140.1	99.791	1432	3	0	703932	705363	170158	171589	0.0	2628
OX335166.1	OX335140.1	99.791	1432	3	0	703932	705363	388652	390083	0.0	2628
OX335166.1	OX335140.1	99.791	1432	3	0	1385165	1386596	665570	664139	0.0	2628
OX335166.1	OX335140.1	99.791	1432	3	0	1207830	1209261	665570	664139	0.0	2628
OX335166.1	OX335140.1	99.791	1432	3	0	1498730	1500161	705357	703926	0.0	2628
OX335166.1	OX335140.1	99.791	1432	3	0	1463558	1464989	705357	703926	0.0	2628
OX335166.1	OX335140.1	99.791	1432	3	0	170162	171593	703926	705357	0.0	2628
OX335166.1	OX335140.1	99.791	1432	3	0	388657	390088	703926	705357	0.0	2628
OX335166.1	OX335140.1	99.791	1432	3	0	664145	665576	1209244	1207813	0.0	2628
OX335166.1	OX335140.1	99.381	1453	4	5	176954	178404	1353182	1354631	0.0	2628
OX335166.1	OX335140.1	99.791	1433	1	2	1251800	1253231	1354617	1353186	0.0	2628
OX335166.1	OX335140.1	99.791	1432	3	0	127996	129427	1375027	1373596	0.0	2628
OX335166.1	OX335140.1	99.791	1432	3	0	703932	705363	1433010	1431579	0.0	2628
OX335166.1	OX335140.1	99.791	1432	3	0	703932	705363	1468182	1466751	0.0	2628
OX335166.1	OX335140.1	99.721	1434	4	0	1251800	1253233	178386	176953	0.0	2627
OX335166.1	OX335140.1	99.312	1453	8	2	1352179	1353629	390083	388631	0.0	2627
OX335166.1	OX335140.1	99.515	1443	7	0	1251791	1253233	705366	703924	0.0	2627
OX335166.1	OX335140.1	99.515	1443	7	0	703930	705372	1253216	1251774	0.0	2627
OX335166.1	OX335140.1	99.515	1443	7	0	176957	178399	1253216	1251774	0.0	2627
OX335166.1	OX335140.1	99.379	1449	9	0	1463557	1465005	1251782	1253230	0.0	2627
OX335166.1	OX335140.1	99.379	1449	9	0	1251799	1253247	1431578	1433026	0.0	2627
OX335166.1	OX335140.1	99.380	1451	4	4	1352179	1353629	171589	170144	0.0	2625
OX335166.1	OX335140.1	99.721	1433	4	0	176959	178391	170158	171590	0.0	2625
OX335166.1	OX335140.1	99.721	1433	4	0	1498729	1500161	178387	176955	0.0	2625
OX335166.1	OX335140.1	99.721	1433	4	0	170162	171594	176955	178387	0.0	2625
OX335166.1	OX335140.1	99.515	1443	6	1	1385165	1386606	703926	705368	0.0	2625
OX335166.1	OX335140.1	99.721	1433	4	0	1251800	1253232	855749	854317	0.0	2625
OX335166.1	OX335140.1	99.379	1449	7	2	1405575	1407022	1207813	1209260	0.0	2625
OX335166.1	OX335140.1	99.721	1433	4	0	854324	855756	1253215	1251783	0.0	2625
OX335166.1	OX335140.1	99.379	1449	7	2	1207830	1209277	1373596	1375043	0.0	2625
OX335166.1	OX335140.1	99.721	1433	4	0	176959	178391	1468182	1466750	0.0	2625
OX335166.1	OX335140.1	99.721	1432	4	0	1463558	1464989	178386	176955	0.0	2623
OX335166.1	OX335140.1	99.721	1432	4	0	1352179	1353610	178386	176955	0.0	2623
OX335166.1	OX335140.1	99.721	1432	4	0	388657	390088	176955	178386	0.0	2623
OX335166.1	OX335140.1	99.721	1432	4	0	176959	178390	388652	390083	0.0	2623
OX335166.1	OX335140.1	99.721	1432	4	0	1251800	1253231	664139	665570	0.0	2623
OX335166.1	OX335140.1	99.721	1432	4	0	664145	665576	1251783	1253214	0.0	2623
OX335166.1	OX335140.1	99.721	1433	2	2	664145	665576	1354617	1353186	0.0	2623
OX335166.1	OX335140.1	99.721	1433	2	2	127996	129427	1354617	1353186	0.0	2623
OX335166.1	OX335140.1	99.721	1432	4	0	1352179	1353610	1431579	1433010	0.0	2623
OX335166.1	OX335140.1	99.721	1432	4	0	176959	178390	1433010	1431579	0.0	2623
OX335166.1	OX335140.1	99.379	1450	4	2	1352179	1353628	1466751	1468195	0.0	2623
OX335166.1	OX335140.1	99.378	1447	7	2	1385165	1386610	1207813	1209258	0.0	2621
OX335166.1	OX335140.1	99.651	1434	5	0	1352178	1353611	1375028	1373595	0.0	2621
OX335166.1	OX335140.1	99.651	1433	5	0	1385165	1386597	170158	171590	0.0	2619
OX335166.1	OX335140.1	99.446	1444	5	3	703932	705374	1353186	1354627	0.0	2619
OX335166.1	OX335140.1	99.651	1433	5	0	1385165	1386597	1468182	1466750	0.0	2619
OX335166.1	OX335140.1	99.651	1432	5	0	1405575	1407006	170158	171589	0.0	2617
OX335166.1	OX335140.1	99.309	1448	9	1	1251799	1253246	390084	388638	0.0	2617
OX335166.1	OX335140.1	99.651	1432	5	0	1385165	1386596	388652	390083	0.0	2617
OX335166.1	OX335140.1	99.651	1432	5	0	1405575	1407006	388652	390083	0.0	2617
OX335166.1	OX335140.1	99.651	1432	5	0	1352179	1353610	1209244	1207813	0.0	2617
OX335166.1	OX335140.1	99.309	1448	9	1	388643	390089	1253229	1251782	0.0	2617
OX335166.1	OX335140.1	99.651	1432	5	0	1498730	1500161	1375027	1373596	0.0	2617
OX335166.1	OX335140.1	99.651	1432	5	0	1463558	1464989	1375027	1373596	0.0	2617
OX335166.1	OX335140.1	99.651	1432	5	0	170162	171593	1373596	1375027	0.0	2617
OX335166.1	OX335140.1	99.651	1432	5	0	388657	390088	1373596	1375027	0.0	2617
OX335166.1	OX335140.1	99.651	1432	5	0	1405575	1407006	1433010	1431579	0.0	2617
OX335166.1	OX335140.1	99.651	1432	5	0	1385165	1386596	1433010	1431579	0.0	2617
OX335166.1	OX335140.1	99.651	1432	5	0	1405575	1407006	1468182	1466751	0.0	2617
OX335166.1	OX335140.1	99.309	1448	6	4	1207830	1209275	1353186	1354631	0.0	2615
OX335166.1	OX335140.1	99.582	1434	4	2	1352179	1353611	1354617	1353185	0.0	2614
OX335166.1	OX335140.1	99.582	1434	4	2	1498729	1500161	1354618	1353186	0.0	2614
OX335166.1	OX335140.1	99.582	1434	4	2	170162	171594	1353186	1354618	0.0	2614
OX335166.1	OX335140.1	99.581	1432	6	0	1251800	1253231	171589	170158	0.0	2612
OX335166.1	OX335140.1	99.444	1439	6	1	170162	171598	1253214	1251776	0.0	2612
OX335166.1	OX335140.1	99.581	1432	6	0	1352179	1353610	1251783	1253214	0.0	2612
OX335166.1	OX335140.1	99.581	1432	6	0	1498730	1500161	1251783	1253214	0.0	2612
OX335166.1	OX335140.1	99.581	1433	4	2	1463558	1464989	1354617	1353186	0.0	2612
OX335166.1	OX335140.1	99.581	1433	4	2	388657	390088	1353186	1354617	0.0	2612
OX335166.1	OX335140.1	99.581	1432	6	0	1251800	1253231	1466751	1468182	0.0	2612
OX335166.1	OX335140.1	98.972	1459	13	2	1266364	1267822	665571	664115	0.0	2610
OX335166.1	OX335140.1	98.972	1459	13	2	664121	665577	1267805	1266347	0.0	2610
OX335166.1	OX335140.1	99.512	1433	7	0	1251800	1253232	1209244	1207812	0.0	2608
OX335166.1	OX335140.1	99.307	1442	10	0	1207829	1209270	1253215	1251774	0.0	2608
OX335166.1	OX335140.1	99.511	1432	7	0	1266365	1267796	129424	127993	0.0	2606
OX335166.1	OX335140.1	99.511	1432	7	0	1266365	1267796	176955	178386	0.0	2606
OX335166.1	OX335140.1	99.511	1432	7	0	1266365	1267796	854318	855749	0.0	2606
OX335166.1	OX335140.1	99.511	1432	7	0	176959	178390	1266348	1267779	0.0	2606
OX335166.1	OX335140.1	99.511	1432	7	0	854325	855756	1266348	1267779	0.0	2606
OX335166.1	OX335140.1	99.511	1432	7	0	127996	129427	1267779	1266348	0.0	2606
OX335166.1	OX335140.1	99.441	1432	8	0	1266365	1267796	703926	705357	0.0	2601
OX335166.1	OX335140.1	98.836	1461	13	3	1352174	1353632	1267784	1266326	0.0	2601
OX335166.1	OX335140.1	99.441	1432	8	0	703932	705363	1266348	1267779	0.0	2601
OX335166.1	OX335140.1	99.441	1432	8	0	1405575	1407006	1266348	1267779	0.0	2601
OX335166.1	OX335140.1	99.441	1432	8	0	1266365	1267796	1373596	1375027	0.0	2601
OX335166.1	OX335140.1	98.968	1453	14	1	1176290	1177742	855767	854316	0.0	2599
OX335166.1	OX335140.1	98.901	1456	15	1	854323	855777	1177725	1176270	0.0	2599
OX335166.1	OX335140.1	99.372	1433	9	0	1266364	1267796	388651	390083	0.0	2597
OX335166.1	OX335140.1	99.372	1433	9	0	1463558	1464990	1267779	1266347	0.0	2597
OX335166.1	OX335140.1	99.372	1433	9	0	388656	390088	1266347	1267779	0.0	2597
OX335166.1	OX335140.1	99.372	1433	9	0	1266364	1267796	1433011	1431579	0.0	2597
OX335166.1	OX335140.1	99.372	1432	9	0	1266365	1267796	170158	171589	0.0	2595
OX335166.1	OX335140.1	99.235	1438	11	0	1192464	1193901	388649	390086	0.0	2595
OX335166.1	OX335140.1	99.235	1438	11	0	1463555	1464992	1193884	1192447	0.0	2595
OX335166.1	OX335140.1	99.235	1438	11	0	388654	390091	1192447	1193884	0.0	2595
OX335166.1	OX335140.1	99.033	1448	12	2	1207830	1209276	1192450	1193896	0.0	2595
OX335166.1	OX335140.1	99.033	1448	12	2	1192467	1193913	1207813	1209259	0.0	2595
OX335166.1	OX335140.1	99.372	1432	9	0	1266365	1267796	1253214	1251783	0.0	2595
OX335166.1	OX335140.1	99.372	1432	9	0	1498730	1500161	1267779	1266348	0.0	2595
OX335166.1	OX335140.1	99.372	1432	9	0	170162	171593	1266348	1267779	0.0	2595
OX335166.1	OX335140.1	99.372	1432	9	0	1251800	1253231	1267779	1266348	0.0	2595
OX335166.1	OX335140.1	99.167	1441	12	0	1192464	1193904	1433013	1431573	0.0	2595
OX335166.1	OX335140.1	99.372	1432	9	0	1266365	1267796	1468182	1466751	0.0	2595
OX335166.1	OX335140.1	98.965	1449	15	0	1207829	1209277	1177724	1176276	0.0	2593
OX335166.1	OX335140.1	98.965	1449	15	0	1176293	1177741	1209260	1207812	0.0	2593
OX335166.1	OX335140.1	98.250	1486	17	7	1176285	1177764	705383	703901	0.0	2591
OX335166.1	OX335140.1	98.898	1452	15	1	1192467	1193918	854318	855768	0.0	2591
OX335166.1	OX335140.1	98.250	1486	17	7	703907	705389	1177747	1176268	0.0	2591
OX335166.1	OX335140.1	99.302	1433	10	0	1266365	1267797	1177723	1176291	0.0	2591
OX335166.1	OX335140.1	99.302	1433	10	0	1266364	1267796	1192449	1193881	0.0	2591
OX335166.1	OX335140.1	98.898	1452	15	1	854325	855775	1192450	1193901	0.0	2591
OX335166.1	OX335140.1	99.302	1433	10	0	1192466	1193898	1266347	1267779	0.0	2591
OX335166.1	OX335140.1	99.302	1433	10	0	1176308	1177740	1267780	1266348	0.0	2591
OX335166.1	OX335140.1	99.302	1432	10	0	1266365	1267796	1207813	1209244	0.0	2590
OX335166.1	OX335140.1	99.302	1432	10	0	1207830	1209261	1266348	1267779	0.0	2590
OX335166.1	OX335140.1	99.302	1432	10	0	1385165	1386596	1266348	1267779	0.0	2590
OX335166.1	OX335140.1	99.232	1433	11	0	1192467	1193899	129424	127992	0.0	2586
OX335166.1	OX335140.1	99.232	1433	11	0	1176309	1177741	127993	129425	0.0	2586
OX335166.1	OX335140.1	99.232	1433	11	0	1192466	1193898	665571	664139	0.0	2586
OX335166.1	OX335140.1	99.232	1433	11	0	127996	129428	1176292	1177724	0.0	2586
OX335166.1	OX335140.1	99.232	1433	11	0	664145	665577	1193881	1192449	0.0	2586
OX335166.1	OX335140.1	99.232	1433	11	0	127995	129427	1193882	1192450	0.0	2586
OX335166.1	OX335140.1	99.232	1432	11	0	1176309	1177740	171589	170158	0.0	2584
OX335166.1	OX335140.1	99.232	1432	11	0	1192467	1193898	170158	171589	0.0	2584
OX335166.1	OX335140.1	99.232	1432	11	0	1176309	1177740	390083	388652	0.0	2584
OX335166.1	OX335140.1	99.232	1432	11	0	1176309	1177740	664139	665570	0.0	2584
OX335166.1	OX335140.1	99.096	1438	13	0	170162	171599	1177723	1176286	0.0	2584
OX335166.1	OX335140.1	99.232	1432	11	0	664145	665576	1176292	1177723	0.0	2584
OX335166.1	OX335140.1	99.232	1432	11	0	388657	390088	1177723	1176292	0.0	2584
OX335166.1	OX335140.1	99.232	1432	11	0	1463558	1464989	1176292	1177723	0.0	2584
OX335166.1	OX335140.1	99.232	1432	11	0	1498730	1500161	1176292	1177723	0.0	2584
OX335166.1	OX335140.1	99.232	1432	11	0	1498730	1500161	1193881	1192450	0.0	2584
OX335166.1	OX335140.1	99.232	1432	11	0	170162	171593	1192450	1193881	0.0	2584
OX335166.1	OX335140.1	99.232	1433	9	2	1266365	1267796	1353186	1354617	0.0	2584
OX335166.1	OX335140.1	99.232	1432	11	0	1176309	1177740	1431579	1433010	0.0	2584
OX335166.1	OX335140.1	99.232	1432	11	0	1192467	1193898	1468182	1466751	0.0	2584
OX335166.1	OX335140.1	99.232	1432	11	0	1176309	1177740	1466751	1468182	0.0	2584
OX335166.1	OX335140.1	98.827	1449	15	2	1176294	1177741	178401	176954	0.0	2580
OX335166.1	OX335140.1	98.827	1449	15	2	176958	178405	1177724	1176277	0.0	2580
OX335166.1	OX335140.1	99.162	1432	12	0	1192467	1193898	703926	705357	0.0	2579
OX335166.1	OX335140.1	98.238	1476	22	4	1405549	1407023	1177747	1176275	0.0	2579
OX335166.1	OX335140.1	99.162	1432	12	0	703932	705363	1192450	1193881	0.0	2579
OX335166.1	OX335140.1	98.238	1476	22	4	1176292	1177764	1375044	1373570	0.0	2579
OX335166.1	OX335140.1	98.891	1443	14	1	1385165	1386605	1177723	1176281	0.0	2575
OX335166.1	OX335140.1	99.092	1432	13	0	1192467	1193898	176955	178386	0.0	2573
OX335166.1	OX335140.1	99.092	1432	13	0	1352179	1353610	1176292	1177723	0.0	2573
OX335166.1	OX335140.1	99.024	1435	14	0	1352179	1353613	1193881	1192447	0.0	2573
OX335166.1	OX335140.1	98.691	1451	17	2	1405575	1407023	1192450	1193900	0.0	2573
OX335166.1	OX335140.1	99.092	1432	13	0	176959	178390	1192450	1193881	0.0	2573
OX335166.1	OX335140.1	98.691	1451	17	2	1192467	1193917	1373596	1375044	0.0	2573
OX335166.1	OX335140.1	98.823	1444	13	3	1176298	1177740	1354626	1353186	0.0	2569
OX335166.1	OX335140.1	98.426	1461	19	3	1385138	1386596	1192423	1193881	0.0	2567
OX335166.1	OX335140.1	98.620	1449	18	2	1381467	1382915	1177723	1176277	0.0	2564
OX335166.1	OX335140.1	98.953	1433	15	0	1251800	1253232	1176292	1177724	0.0	2564
OX335166.1	OX335140.1	98.953	1433	15	0	1251799	1253231	1193882	1192450	0.0	2564
OX335166.1	OX335140.1	98.953	1433	15	0	1192467	1193899	1253214	1251782	0.0	2564
OX335166.1	OX335140.1	98.953	1433	15	0	1176309	1177741	1251783	1253215	0.0	2564
OX335166.1	OX335140.1	98.620	1449	18	2	1176294	1177740	1350936	1349488	0.0	2564
OX335166.1	OX335140.1	98.487	1454	20	2	1381462	1382915	176950	178401	0.0	2562
OX335166.1	OX335140.1	98.953	1432	15	0	1381467	1382898	1266348	1267779	0.0	2562
OX335166.1	OX335140.1	98.422	1458	19	3	1385160	1386613	1349482	1350939	0.0	2562
OX335166.1	OX335140.1	98.487	1454	20	2	176954	178405	1349483	1350936	0.0	2562
OX335166.1	OX335140.1	98.953	1432	15	0	1266365	1267796	1349488	1350919	0.0	2562
OX335166.1	OX335140.1	98.358	1462	18	5	1192440	1193898	1353159	1354617	0.0	2562
OX335166.1	OX335140.1	97.973	1480	21	9	1405546	1407021	1349462	1350936	0.0	2558
OX335166.1	OX335140.1	97.973	1480	21	9	1381441	1382915	1373567	1375042	0.0	2558
OX335166.1	OX335140.1	98.883	1432	16	0	1381467	1382898	1192450	1193881	0.0	2556
OX335166.1	OX335140.1	98.883	1432	16	0	1381467	1382898	1253214	1251783	0.0	2556
OX335166.1	OX335140.1	98.883	1432	16	0	1251800	1253231	1350919	1349488	0.0	2556
OX335166.1	OX335140.1	98.883	1432	16	0	1192467	1193898	1349488	1350919	0.0	2556
OX335166.1	OX335140.1	98.286	1459	19	5	1381461	1382918	1353181	1354634	0.0	2551
OX335166.1	OX335140.1	98.154	1463	24	3	345726	347186	1321631	1320170	0.0	2549
OX335166.1	OX335140.1	98.744	1433	18	0	1381467	1382899	854318	855750	0.0	2547
OX335166.1	OX335140.1	98.413	1449	21	2	1381467	1382915	1207813	1209259	0.0	2547
OX335166.1	OX335140.1	98.413	1449	21	2	1207830	1209276	1349488	1350936	0.0	2547
OX335166.1	OX335140.1	98.744	1433	18	0	854325	855757	1349488	1350920	0.0	2547
OX335166.1	OX335140.1	98.610	1439	18	1	1381467	1382905	129424	127988	0.0	2545
OX335166.1	OX335140.1	98.087	1464	25	3	1381437	1382898	665601	664139	0.0	2545
OX335166.1	OX335140.1	98.743	1432	18	0	560407	561838	1321631	1320200	0.0	2545
OX335166.1	OX335140.1	98.087	1464	25	3	664145	665607	1350919	1349458	0.0	2545
OX335166.1	OX335140.1	98.743	1432	18	0	127996	129427	1350919	1349488	0.0	2545
OX335166.1	OX335140.1	97.958	1469	27	3	1381444	1382910	703901	705368	0.0	2543
OX335166.1	OX335140.1	97.958	1469	27	3	703907	705374	1349465	1350931	0.0	2543
OX335166.1	OX335140.1	98.605	1434	20	0	1381466	1382899	170157	171590	0.0	2538
OX335166.1	OX335140.1	98.605	1434	20	0	1498729	1500162	1350920	1349487	0.0	2538
OX335166.1	OX335140.1	98.605	1434	20	0	170161	171594	1349487	1350920	0.0	2538
OX335166.1	OX335140.1	98.605	1434	20	0	1381466	1382899	1468183	1466750	0.0	2538
OX335166.1	OX335140.1	98.603	1432	20	0	1381467	1382898	388652	390083	0.0	2534
OX335166.1	OX335140.1	98.603	1432	20	0	1463558	1464989	1350919	1349488	0.0	2534
OX335166.1	OX335140.1	98.603	1432	20	0	1352179	1353610	1350919	1349488	0.0	2534
OX335166.1	OX335140.1	98.603	1432	20	0	388657	390088	1349488	1350919	0.0	2534
OX335166.1	OX335140.1	98.603	1432	20	0	1381467	1382898	1433010	1431579	0.0	2534
OX335166.1	OX335140.1	96.687	1449	44	3	854325	855771	1321631	1320185	0.0	2407
OX335166.1	OX335140.1	96.566	1456	45	2	1498724	1500174	1320194	1321649	0.0	2407
OX335166.1	OX335140.1	96.625	1452	44	4	170148	171594	1321650	1320199	0.0	2405
OX335166.1	OX335140.1	96.559	1453	48	2	388636	390088	1321650	1320200	0.0	2405
OX335166.1	OX335140.1	96.616	1448	47	2	1207830	1209276	1321631	1320185	0.0	2401
OX335166.1	OX335140.1	96.616	1448	47	2	176959	178405	1321631	1320185	0.0	2401
OX335166.1	OX335140.1	96.927	1432	44	0	127996	129427	1320200	1321631	0.0	2401
OX335166.1	OX335140.1	96.927	1432	44	0	664145	665576	1320200	1321631	0.0	2401
OX335166.1	OX335140.1	96.927	1432	44	0	1463558	1464989	1320200	1321631	0.0	2401
OX335166.1	OX335140.1	96.549	1449	48	2	1405574	1407021	1321632	1320185	0.0	2398
OX335166.1	OX335140.1	96.365	1458	50	3	703932	705388	1321631	1320176	0.0	2396
OX335166.1	OX335140.1	96.475	1447	51	0	1385164	1386610	1321632	1320186	0.0	2390
OX335166.1	OX335140.1	96.648	1432	48	0	1251800	1253231	1320200	1321631	0.0	2379
OX335166.1	OX335140.1	96.215	1453	53	1	1320202	1321652	1350937	1349485	0.0	2377
OX335166.1	OX335140.1	96.207	1450	53	1	1381467	1382916	1321631	1320184	0.0	2372
OX335166.1	OX335140.1	96.260	1444	53	1	1381467	1382910	345722	347164	0.0	2366
OX335166.1	OX335140.1	96.260	1444	53	1	345726	347168	1349488	1350931	0.0	2366
OX335166.1	OX335140.1	96.016	1456	54	3	1266343	1267796	1321653	1320200	0.0	2364
OX335166.1	OX335140.1	96.127	1446	55	1	1381467	1382911	560403	561848	0.0	2359
OX335166.1	OX335140.1	96.127	1446	55	1	560407	561852	1349488	1350932	0.0	2359
OX335166.1	OX335140.1	96.061	1447	57	0	1192467	1193913	1321631	1320185	0.0	2357
OX335166.1	OX335140.1	96.061	1447	57	0	1176294	1177740	1320185	1321631	0.0	2357
OX335166.1	OX335140.1	95.848	1445	59	1	1176298	1177742	347163	345720	0.0	2335
OX335166.1	OX335140.1	95.848	1445	59	1	345724	347167	1177725	1176281	0.0	2335
OX335166.1	OX335140.1	95.779	1445	60	1	1192466	1193909	560402	561846	0.0	2329
OX335166.1	OX335140.1	95.715	1447	62	0	1320203	1321649	1176277	1177723	0.0	2329
OX335166.1	OX335140.1	95.779	1445	60	1	560406	561850	1192449	1193892	0.0	2329
OX335166.1	OX335140.1	95.715	1447	62	0	1320203	1321649	1193896	1192450	0.0	2329
OX335166.1	OX335140.1	95.655	1450	61	2	1192467	1193915	345722	347170	0.0	2327
OX335166.1	OX335140.1	95.776	1444	60	1	1176298	1177740	561846	560403	0.0	2327
OX335166.1	OX335140.1	95.776	1444	60	1	560407	561850	1177723	1176281	0.0	2327
OX335166.1	OX335140.1	95.655	1450	61	2	345726	347174	1192450	1193898	0.0	2327
OX335166.1	OX335140.1	95.290	1465	67	2	854322	855785	345719	347182	0.0	2322
OX335166.1	OX335140.1	95.290	1465	67	2	345723	347186	854315	855778	0.0	2322
OX335166.1	OX335140.1	95.883	1433	59	0	1266364	1267796	560402	561834	0.0	2320
OX335166.1	OX335140.1	95.883	1433	59	0	560406	561838	1266347	1267779	0.0	2320
OX335166.1	OX335140.1	95.880	1432	59	0	1266365	1267796	345722	347153	0.0	2318
OX335166.1	OX335140.1	95.880	1432	59	0	1320218	1321649	1267779	1266348	0.0	2318
OX335166.1	OX335140.1	95.880	1432	59	0	345726	347157	1266348	1267779	0.0	2318
OX335166.1	OX335140.1	95.395	1455	66	1	1207829	1209283	345721	347174	0.0	2314
OX335166.1	OX335140.1	95.109	1472	67	5	854300	855767	560377	561847	0.0	2314
OX335166.1	OX335140.1	95.109	1472	67	5	560381	561851	854293	855760	0.0	2314
OX335166.1	OX335140.1	95.395	1455	66	1	345725	347178	1207812	1209266	0.0	2314
OX335166.1	OX335140.1	95.508	1447	65	0	1320212	1321658	1466745	1468191	0.0	2313
OX335166.1	OX335140.1	95.330	1456	67	1	345722	347177	176951	178405	0.0	2311
OX335166.1	OX335140.1	95.330	1456	67	1	176955	178409	345718	347173	0.0	2311
OX335166.1	OX335140.1	94.926	1478	69	5	1405546	1407021	345696	347169	0.0	2309
OX335166.1	OX335140.1	94.926	1478	69	5	345700	347173	1373567	1375042	0.0	2309
OX335166.1	OX335140.1	95.562	1442	63	1	560399	561840	129431	127991	0.0	2307
OX335166.1	OX335140.1	95.499	1444	65	0	1498728	1500171	347155	345712	0.0	2307
OX335166.1	OX335140.1	94.980	1474	68	4	1385137	1386606	560376	561847	0.0	2307
OX335166.1	OX335140.1	95.562	1442	63	1	127994	129434	561836	560395	0.0	2307
OX335166.1	OX335140.1	95.445	1449	62	3	1320203	1321649	855764	854318	0.0	2307
OX335166.1	OX335140.1	95.442	1448	64	2	1320203	1321649	1209259	1207813	0.0	2307
OX335166.1	OX335140.1	95.386	1452	64	3	1320203	1321653	1375042	1373593	0.0	2307
OX335166.1	OX335140.1	95.499	1444	65	0	345716	347159	1468192	1466749	0.0	2307
OX335166.1	OX335140.1	95.616	1437	63	0	1320217	1321653	171590	170154	0.0	2305
OX335166.1	OX335140.1	95.616	1437	63	0	345723	347159	170155	171591	0.0	2305
OX335166.1	OX335140.1	94.415	1504	76	7	703886	705388	345681	347177	0.0	2305
OX335166.1	OX335140.1	95.616	1437	63	0	170159	171595	345719	347155	0.0	2305
OX335166.1	OX335140.1	95.559	1441	63	1	560399	561839	388645	390084	0.0	2305
OX335166.1	OX335140.1	95.147	1463	67	4	664145	665603	561834	560372	0.0	2305
OX335166.1	OX335140.1	95.559	1441	63	1	388650	390089	560395	561835	0.0	2305
OX335166.1	OX335140.1	95.676	1434	62	0	1463557	1464990	561835	560402	0.0	2305
OX335166.1	OX335140.1	95.205	1460	66	4	560379	561838	665594	664139	0.0	2305
OX335166.1	OX335140.1	94.415	1504	76	7	345685	347181	703880	705382	0.0	2305
OX335166.1	OX335140.1	95.676	1434	62	0	560406	561839	1433011	1431578	0.0	2305
OX335166.1	OX335140.1	95.673	1433	62	0	345725	347157	129425	127993	0.0	2303
OX335166.1	OX335140.1	95.673	1433	62	0	127996	129428	347153	345721	0.0	2303
OX335166.1	OX335140.1	95.495	1443	64	1	1385165	1386606	345722	347164	0.0	2303
OX335166.1	OX335140.1	95.670	1432	62	0	1320218	1321649	127993	129424	0.0	2302
OX335166.1	OX335140.1	95.552	1439	63	1	560407	561845	170158	171595	0.0	2302
OX335166.1	OX335140.1	95.314	1451	66	2	1320203	1321652	178401	176952	0.0	2302
OX335166.1	OX335140.1	95.433	1445	64	2	560407	561851	176955	178397	0.0	2302
OX335166.1	OX335140.1	95.670	1432	62	0	1463558	1464989	347153	345722	0.0	2302
OX335166.1	OX335140.1	95.670	1432	62	0	388657	390088	345722	347153	0.0	2302
OX335166.1	OX335140.1	95.670	1432	62	0	664145	665576	347153	345722	0.0	2302
OX335166.1	OX335140.1	95.670	1432	62	0	1320218	1321649	390083	388652	0.0	2302
OX335166.1	OX335140.1	95.670	1432	62	0	345726	347157	388652	390083	0.0	2302
OX335166.1	OX335140.1	95.433	1445	64	2	176959	178401	560403	561847	0.0	2302
OX335166.1	OX335140.1	95.433	1445	64	1	703932	705374	560403	561847	0.0	2302
OX335166.1	OX335140.1	95.433	1445	64	2	1405575	1407017	560403	561847	0.0	2302
OX335166.1	OX335140.1	95.552	1439	63	1	170162	171599	560403	561841	0.0	2302
OX335166.1	OX335140.1	95.613	1436	62	1	1207830	1209265	560403	561837	0.0	2302
OX335166.1	OX335140.1	95.670	1432	62	0	1498730	1500161	561834	560403	0.0	2302
OX335166.1	OX335140.1	95.670	1432	62	0	345726	347157	665570	664139	0.0	2302
OX335166.1	OX335140.1	95.670	1432	62	0	1320218	1321649	664139	665570	0.0	2302
OX335166.1	OX335140.1	95.433	1445	64	1	560407	561851	703926	705368	0.0	2302
OX335166.1	OX335140.1	95.613	1436	62	1	560407	561841	1207813	1209248	0.0	2302
OX335166.1	OX335140.1	94.915	1475	67	6	560380	561851	1353158	1354627	0.0	2302
OX335166.1	OX335140.1	95.433	1445	64	2	560407	561851	1373596	1375038	0.0	2302
OX335166.1	OX335140.1	95.670	1432	62	0	345726	347157	1433010	1431579	0.0	2302
OX335166.1	OX335140.1	95.670	1432	62	0	1320218	1321649	1431579	1433010	0.0	2302
OX335166.1	OX335140.1	95.670	1432	62	0	560407	561838	1468182	1466751	0.0	2302
OX335166.1	OX335140.1	95.429	1444	63	3	345726	347168	1353186	1354627	0.0	2298
OX335166.1	OX335140.1	95.130	1458	68	3	1320194	1321649	705382	703926	0.0	2296
OX335166.1	OX335140.1	95.301	1447	66	2	1320204	1321649	1354631	1353186	0.0	2294
OX335166.1	OX335140.1	95.354	1442	67	0	1251800	1253241	347153	345712	0.0	2292
OX335166.1	OX335140.1	95.534	1433	64	0	1251799	1253231	561835	560403	0.0	2292
OX335166.1	OX335140.1	95.534	1433	64	0	560407	561839	1253214	1251782	0.0	2292
OX335166.1	OX335140.1	95.534	1433	64	0	345725	347157	1253215	1251783	0.0	2292
OX335166.1	OX335140.1	95.531	1432	64	0	1352179	1353610	347153	345722	0.0	2290
OX335166.1	OX335140.1	95.531	1432	64	0	1352179	1353610	561834	560403	0.0	2290
OX335166.1	OX335140.1	95.531	1432	64	0	1320218	1321649	1251783	1253214	0.0	2290
OX335166.1	OX335140.1	82.027	957	156	12	274147	275101	273048	273990	0.0	800
OX335166.1	OX335140.1	82.027	957	156	12	273052	273994	274143	275097	0.0	800
OX335166.1	OX335140.1	76.364	1320	294	17	1317208	1318518	1315500	1316810	0.0	693
OX335166.1	OX335140.1	76.435	1324	286	23	1315518	1316828	1317190	1318500	0.0	693
OX335166.1	OX335140.1	75.056	1343	309	25	1493692	1495021	1460173	1461502	2.34e-169	601
OX335166.1	OX335140.1	75.056	1343	309	25	1492152	1493481	1461713	1463042	2.34e-169	601
OX335166.1	OX335140.1	75.681	1431	204	98	575001	576359	574865	576223	8.48e-164	582
OX335166.1	OX335140.1	75.698	1432	202	106	574869	576227	574997	576355	8.48e-164	582
OX335166.1	OX335140.1	98.750	320	4	0	179580	179899	179252	179571	6.60e-160	569
OX335166.1	OX335140.1	98.750	320	4	0	179256	179575	179576	179895	6.60e-160	569
OX335166.1	OX335140.1	79.396	762	147	9	143984	144740	143735	144491	1.12e-147	529
OX335166.1	OX335140.1	79.396	762	147	9	143738	144494	143981	144737	1.12e-147	529
OX335166.1	OX335140.1	74.818	1513	205	120	574935	576359	574865	576289	1.87e-145	521
OX335166.1	OX335140.1	74.835	1514	203	123	574869	576293	574931	576355	1.87e-145	521
OX335166.1	OX335140.1	88.889	441	18	11	1140364	1140798	1050900	1051315	3.14e-143	514
OX335166.1	OX335140.1	88.889	441	18	10	1050908	1051323	1140347	1140781	3.14e-143	514
OX335166.1	OX335140.1	75.373	1275	199	94	575127	576347	574859	576072	1.46e-141	508
OX335166.1	OX335140.1	75.450	1279	191	100	574863	576076	575123	576343	1.46e-141	508
OX335166.1	OX335140.1	75.408	1224	180	83	575193	576359	574859	576018	3.18e-133	481
OX335166.1	OX335140.1	75.449	1226	176	88	574863	576022	575189	576355	3.18e-133	481
OX335166.1	OX335140.1	75.676	1147	170	80	575264	576359	574864	575952	1.91e-130	472
OX335166.1	OX335140.1	75.697	1148	168	82	574868	575956	575260	576355	1.91e-130	472
OX335166.1	OX335140.1	97.122	278	8	0	180747	181024	180611	180888	6.89e-130	470
OX335166.1	OX335140.1	97.122	278	8	0	180615	180892	180743	181020	6.89e-130	470
OX335166.1	OX335140.1	74.597	1366	201	98	575067	576359	574865	576157	8.91e-129	466
OX335166.1	OX335140.1	74.560	1364	205	99	574869	576161	575063	576355	8.91e-129	466
OX335166.1	OX335140.1	75.229	1094	167	77	575331	576375	574865	575903	5.44e-116	424
OX335166.1	OX335140.1	75.229	1094	167	77	574869	575907	575327	576371	5.44e-116	424
OX335166.1	OX335140.1	75.767	1011	148	69	575394	576359	574862	575820	7.04e-115	420
OX335166.1	OX335140.1	75.767	1011	148	70	574866	575824	575390	576355	7.04e-115	420
OX335166.1	OX335140.1	77.610	728	135	23	270965	271680	270389	271100	9.10e-114	416
OX335166.1	OX335140.1	77.610	728	135	23	270393	271104	270961	271676	9.10e-114	416
OX335166.1	OX335140.1	79.964	559	110	2	144231	144788	143736	144293	4.23e-112	411
OX335166.1	OX335140.1	79.964	559	110	2	143739	144296	144228	144785	4.23e-112	411
OX335166.1	OX335140.1	75.536	932	151	56	575463	576359	574865	575754	7.14e-105	387
OX335166.1	OX335140.1	75.589	934	147	61	574869	575758	575459	576355	7.14e-105	387
OX335166.1	OX335140.1	93.361	241	16	0	166118	166358	165829	166069	5.59e-96	357
OX335166.1	OX335140.1	93.361	241	16	0	165833	166073	166114	166354	5.59e-96	357
OX335166.1	OX335140.1	76.303	806	102	64	575595	576359	574865	575622	3.37e-93	348
OX335166.1	OX335140.1	76.303	806	102	64	574869	575626	575591	576355	3.37e-93	348
OX335166.1	OX335140.1	97.436	195	4	1	223404	223597	111837	112031	3.39e-88	331
OX335166.1	OX335140.1	95.652	207	7	2	223392	223597	188316	188111	3.39e-88	331
OX335166.1	OX335140.1	95.652	207	7	2	188115	188320	223593	223388	3.39e-88	331
OX335166.1	OX335140.1	97.436	195	4	1	111839	112033	223400	223593	3.39e-88	331
OX335166.1	OX335140.1	97.409	193	4	1	223406	223597	76565	76373	4.39e-87	327
OX335166.1	OX335140.1	97.409	193	4	1	533109	533301	223402	223593	4.39e-87	327
OX335166.1	OX335140.1	97.409	193	4	1	580385	580577	223593	223402	4.39e-87	327
OX335166.1	OX335140.1	97.409	193	4	1	1090777	1090969	223402	223593	4.39e-87	327
OX335166.1	OX335140.1	97.409	193	4	1	76373	76565	223593	223402	4.39e-87	327
OX335166.1	OX335140.1	97.409	193	4	1	223406	223597	533105	533297	4.39e-87	327
OX335166.1	OX335140.1	97.409	193	4	1	223406	223597	580572	580380	4.39e-87	327
OX335166.1	OX335140.1	97.409	193	4	1	223406	223597	1090760	1090952	4.39e-87	327
OX335166.1	OX335140.1	74.914	877	127	60	575526	576359	574862	575688	3.42e-83	315
OX335166.1	OX335140.1	74.800	873	135	56	574866	575692	575522	576355	3.42e-83	315
OX335166.1	OX335140.1	98.773	163	1	1	1050443	1050604	1049815	1049977	2.07e-75	289
OX335166.1	OX335140.1	98.773	163	1	1	1049823	1049985	1050435	1050596	2.07e-75	289
OX335166.1	OX335140.1	97.452	157	0	2	1140936	1141088	1051330	1051486	3.49e-68	265
OX335166.1	OX335140.1	97.452	157	0	2	1051338	1051494	1140919	1141071	3.49e-68	265
OX335166.1	OX335140.1	76.956	473	99	10	151297	151764	150823	151290	4.51e-67	261
OX335166.1	OX335140.1	76.956	473	99	10	150826	151293	151294	151761	4.51e-67	261
OX335166.1	OX335140.1	74.866	744	96	62	575658	576359	574862	575556	7.55e-65	254
OX335166.1	OX335140.1	74.832	743	98	62	574866	575560	575654	576355	7.55e-65	254
OX335166.1	OX335140.1	75.037	673	81	65	575727	576359	574865	575490	3.54e-58	231
OX335166.1	OX335140.1	74.963	671	85	64	574869	575494	575723	576355	3.54e-58	231
OX335166.1	OX335140.1	75.000	596	100	36	575785	576359	574857	575424	1.27e-57	230
OX335166.1	OX335140.1	75.000	596	100	36	574861	575428	575781	576355	1.27e-57	230
OX335166.1	OX335140.1	86.364	220	19	10	1447715	1447923	1415606	1415825	1.27e-57	230
OX335166.1	OX335140.1	86.364	220	19	10	1447585	1447804	1415736	1415944	1.27e-57	230
OX335166.1	OX335140.1	92.994	157	9	1	689366	689522	454397	454551	4.58e-57	228
OX335166.1	OX335140.1	92.994	157	9	1	454401	454555	689360	689516	4.58e-57	228
OX335166.1	OX335140.1	94.521	146	8	0	180879	181024	180611	180756	1.65e-56	226
OX335166.1	OX335140.1	94.521	146	8	0	180615	180760	180875	181020	1.65e-56	226
OX335166.1	OX335140.1	75.763	524	76	31	575858	576359	574864	575358	9.91e-54	217
OX335166.1	OX335140.1	75.763	524	76	31	574868	575362	575854	576355	9.91e-54	217
OX335166.1	OX335140.1	86.702	188	25	0	166386	166573	166139	166326	1.66e-51	209
OX335166.1	OX335140.1	86.702	188	25	0	166143	166330	166382	166569	1.66e-51	209
OX335166.1	OX335140.1	90.446	157	13	2	138187	138342	137335	137490	2.14e-50	206
OX335166.1	OX335140.1	90.446	157	13	2	137338	137493	138184	138339	2.14e-50	206
OX335166.1	OX335140.1	91.333	150	9	4	1426713	1426860	1394692	1394839	2.77e-49	202
OX335166.1	OX335140.1	91.333	150	9	4	1426671	1426818	1394734	1394881	2.77e-49	202
OX335166.1	OX335140.1	80.377	265	38	12	182644	182904	182538	182792	2.16e-45	189
OX335166.1	OX335140.1	80.377	265	38	12	182542	182796	182640	182900	2.16e-45	189
OX335166.1	OX335140.1	96.296	108	4	0	1459822	1459929	1427792	1427899	4.67e-42	178
OX335166.1	OX335140.1	96.296	108	4	0	1459771	1459878	1427843	1427950	4.67e-42	178
OX335166.1	OX335140.1	74.890	454	69	33	575925	576359	574865	575292	3.64e-38	165
OX335166.1	OX335140.1	74.834	453	71	31	574869	575296	575921	576355	3.64e-38	165
OX335166.1	OX335140.1	98.901	91	1	0	1050605	1050695	1049591	1049681	1.31e-37	163
OX335166.1	OX335140.1	98.901	91	1	0	1049599	1049689	1050597	1050687	1.31e-37	163
OX335166.1	OX335140.1	98.864	88	1	0	454479	454566	445350	445437	6.09e-36	158
OX335166.1	OX335140.1	98.864	88	1	0	445354	445441	454475	454562	6.09e-36	158
OX335166.1	OX335140.1	93.458	107	5	2	1426755	1426860	1394692	1394797	6.09e-36	158
OX335166.1	OX335140.1	93.458	107	5	2	1426671	1426776	1394776	1394881	6.09e-36	158
OX335166.1	OX335140.1	75.584	385	57	24	575990	576359	574864	575226	2.19e-35	156
OX335166.1	OX335140.1	75.648	386	55	27	574868	575230	575986	576355	2.19e-35	156
OX335166.1	OX335140.1	100.000	83	0	0	689198	689280	445265	445347	7.88e-35	154
OX335166.1	OX335140.1	100.000	83	0	0	445269	445351	689192	689274	7.88e-35	154
OX335166.1	OX335140.1	70.558	968	223	53	1379352	1380288	1345366	1346302	2.83e-34	152
OX335166.1	OX335140.1	70.436	964	231	51	1377345	1378281	1347373	1348309	2.83e-34	152
OX335166.1	OX335140.1	100.000	80	0	0	1050360	1050439	689190	689111	3.67e-33	148
OX335166.1	OX335140.1	100.000	80	0	0	689117	689196	1050431	1050352	3.67e-33	148
OX335166.1	OX335140.1	78.838	241	33	15	576128	576359	574863	575094	1.32e-32	147
OX335166.1	OX335140.1	78.838	241	33	15	574867	575098	576124	576355	1.32e-32	147
OX335166.1	OX335140.1	94.737	95	4	1	1049679	1049772	688900	688806	1.32e-32	147
OX335166.1	OX335140.1	94.737	95	4	1	688812	688906	1049764	1049671	1.32e-32	147
OX335166.1	OX335140.1	100.000	78	0	0	1050442	1050519	689059	688982	4.74e-32	145
OX335166.1	OX335140.1	100.000	78	0	0	688988	689065	1050511	1050434	4.74e-32	145
OX335166.1	OX335140.1	100.000	77	0	0	1050178	1050254	439742	439666	1.71e-31	143
OX335166.1	OX335140.1	100.000	77	0	0	1054885	1054961	1050170	1050246	1.71e-31	143
OX335166.1	OX335140.1	100.000	77	0	0	439670	439746	1050246	1050170	1.71e-31	143
OX335166.1	OX335140.1	100.000	77	0	0	1050178	1050254	1054868	1054944	1.71e-31	143
OX335166.1	OX335140.1	100.000	76	0	0	1050001	1050076	688884	688809	6.13e-31	141
OX335166.1	OX335140.1	97.590	83	0	2	1051416	1051497	688969	688888	6.13e-31	141
OX335166.1	OX335140.1	100.000	76	0	0	688815	688890	1050068	1049993	6.13e-31	141
OX335166.1	OX335140.1	97.590	83	0	2	688894	688975	1051489	1051408	6.13e-31	141
OX335166.1	OX335140.1	100.000	75	0	0	1141013	1141087	688965	688891	2.21e-30	139
OX335166.1	OX335140.1	100.000	75	0	0	1050002	1050076	1049687	1049761	2.21e-30	139
OX335166.1	OX335140.1	100.000	75	0	0	1049695	1049769	1049994	1050068	2.21e-30	139
OX335166.1	OX335140.1	100.000	75	0	0	688897	688971	1141070	1140996	2.21e-30	139
OX335166.1	OX335140.1	98.701	77	1	0	1049823	1049899	689058	688982	7.93e-30	137
OX335166.1	OX335140.1	98.701	77	1	0	688988	689064	1049891	1049815	7.93e-30	137
OX335166.1	OX335140.1	76.412	301	41	20	576074	576359	574875	575160	2.85e-29	135
OX335166.1	OX335140.1	76.568	303	37	23	574879	575164	576070	576355	2.85e-29	135
OX335166.1	OX335140.1	89.109	101	7	3	1048737	1048835	1048694	1048792	2.22e-25	122
OX335166.1	OX335140.1	89.109	101	7	3	1048701	1048799	1048730	1048828	2.22e-25	122
OX335166.1	OX335140.1	92.500	80	6	0	305802	305881	305762	305841	3.72e-23	115
OX335166.1	OX335140.1	92.500	80	6	0	305766	305845	305798	305877	3.72e-23	115
OX335166.1	OX335140.1	88.764	89	10	0	234615	234703	234494	234582	1.73e-21	110
OX335166.1	OX335140.1	88.764	89	10	0	234498	234586	234611	234699	1.73e-21	110
OX335166.1	OX335140.1	96.721	61	2	0	1426800	1426860	1394695	1394755	2.89e-19	102
OX335166.1	OX335140.1	96.721	61	2	0	1426674	1426734	1394821	1394881	2.89e-19	102
OX335166.1	OX335140.1	91.892	74	4	2	1456941	1457012	1424915	1424988	2.89e-19	102
OX335166.1	OX335140.1	91.892	74	4	2	1456894	1456967	1424962	1425033	2.89e-19	102
OX335166.1	OX335140.1	80.597	134	20	6	149805	149935	149316	149446	3.74e-18	99.0
OX335166.1	OX335140.1	80.597	134	20	6	149319	149449	149802	149932	3.74e-18	99.0
OX335166.1	OX335140.1	70.248	605	152	22	147900	148490	146925	147515	4.84e-17	95.3
OX335166.1	OX335140.1	70.248	605	152	22	146928	147518	147897	148487	4.84e-17	95.3
OX335166.1	OX335140.1	83.333	102	9	7	576262	576359	574865	574962	8.10e-15	87.9
OX335166.1	OX335140.1	83.333	102	9	7	574869	574966	576258	576355	8.10e-15	87.9
OX335166.1	OX335140.1	80.000	115	21	2	149357	149470	146438	146551	1.05e-13	84.2
OX335166.1	OX335140.1	80.000	115	21	2	146441	146554	149354	149467	1.05e-13	84.2
OX335166.1	OX335140.1	81.651	109	13	5	576196	576301	574865	574969	1.05e-13	84.2
OX335166.1	OX335140.1	81.651	109	13	5	574869	574973	576192	576297	1.05e-13	84.2
OX335166.1	OX335140.1	88.235	68	4	2	1074932	1074997	1074980	1074915	4.88e-12	78.7
OX335166.1	OX335140.1	83.750	80	13	0	150609	150688	147444	147523	1.75e-11	76.8
OX335166.1	OX335140.1	83.750	80	13	0	147447	147526	150606	150685	1.75e-11	76.8
OX335166.1	OX335140.1	97.436	39	0	1	139488	139525	135033	135071	3.80e-08	65.8
OX335166.1	OX335140.1	97.436	39	0	1	135036	135074	139485	139522	3.80e-08	65.8
OX335166.1	OX335140.1	90.909	44	4	0	1378229	1378272	21981	21938	1.77e-06	60.2
OX335166.1	OX335140.1	94.737	38	2	0	72051	72088	70988	71025	1.77e-06	60.2
OX335166.1	OX335140.1	94.737	38	2	0	70988	71025	72051	72088	1.77e-06	60.2
OX335166.1	OX335140.1	100.000	32	0	0	576328	576359	574865	574896	1.77e-06	60.2
OX335166.1	OX335140.1	100.000	32	0	0	576328	576359	574997	575028	1.77e-06	60.2
OX335166.1	OX335140.1	100.000	32	0	0	574869	574900	576324	576355	1.77e-06	60.2
OX335166.1	OX335140.1	100.000	32	0	0	575001	575032	576324	576355	1.77e-06	60.2
OX335166.1	OX335140.1	92.683	41	3	0	21941	21981	1346290	1346250	1.77e-06	60.2
OX335166.1	OX335140.1	92.500	40	3	0	695303	695342	399655	399694	6.35e-06	58.4
OX335166.1	OX335140.1	92.500	40	3	0	399660	399699	695297	695336	6.35e-06	58.4
OX335166.1	OX335140.1	100.000	30	0	0	181897	181926	176926	176955	2.29e-05	56.5
OX335166.1	OX335140.1	100.000	30	0	0	176930	176959	181893	181922	2.29e-05	56.5
# BLAST processed 1 queries
